[8736.63, -8189.13, 700.0]
[11961.6, -8152.04, 512.0]
[15303.5, -11850.9, 512.0]
[10239.7, -8415.11, 700.0]
[-1318.82, -18307.2, 400.0]
[-12226.7, -10987.3, 400.0]
[-6384.38, -8050.43, 400.0]
[-5965.32, -8388.05, 500.0]
[-5285.98, -8152.21, 500.0]
[746.692, -7695.24, 500.0]
[508.944, -8709.75, 400.0]
[1281.75, -7637.66, 400.0]
[1606.1, -7601.8, 400.0]
[-962.877, -18878.8, 500.0]
[-244.2, -18903.9, 500.0]
[24.9176, -19369.7, 400.0]
[178.597, -19621.5, 400.0]
[12518.3, -9913.22, 512.0]
[-5711.16, -33682.5, 512.0]
[-8408.79, -33110.7, 600.0]
[-6947.21, -32867.8, 700.0]
[-3824.1, -29458.6, 512.0]
[-3355.32, -28622.7, 400.0]
[-12286.7, -31743.7, 400.0]
[-12619.0, -30950.8, 300.0]
[-11494.0, -32076.2, 300.0]
[-4632.74, -26558.4, 400.0]
[-5143.37, -25983.4, 300.0]
[9421.86, -13931.8, 400.0]
[9741.8, -13867.4, 400.0]
[13257.5, -15192.0, 400.0]
[13529.2, -15373.1, 400.0]
[13879.8, -16898.1, 400.0]
[13815.4, -16578.2, 400.0]
[10200.0, 3932.0, 512.0]
[9008.0, 3216.0, 650.0]
[2408.0, 5796.0, 700.0]
[4776.0, 12472.0, 700.0]
[9592.0, 5560.0, 600.0]
[9592.0, 5560.0, 600.0]
[14040.0, 3944.0, 700.0]
[11720.0, 6272.0, 1100.0]
[3288.0, 12464.0, 650.0]
[13800.0, 5680.0, 650.0]
[-30154.0, 13251.8, 512.0]
[-25486.2, 8562.55, 512.0]
[-29652.6, 9444.9, 512.0]
[-26546.3, -622.209, 1500.0]
[-27543.3, -111.887, 2500.0]
[-24221.9, -3777.73, 512.0]
[-25276.0, -4570.75, 512.0]
[-21709.4, -9278.43, 700.0]
[-28160.1, -1238.87, 400.0]
[-27736.1, -1734.87, 300.0]
[-29264.0, -1168.0, 300.0]
[-28968.8, -24492.4, 512.0]
[-27966.0, -26992.0, 700.0]
[-10884.3, -20648.5, 700.0]
[-11900.3, -21256.5, 512.0]
[-22170.8, -16244.9, 512.0]
[-26151.5, -26068.4, 512.0]
[-28046.7, -24961.9, 700.0]
[-22970.8, -15524.9, 512.0]
[-25170.4, -19612.5, 512.0]
[-19752.8, -29975.3, 700.0]
[-17107.5, -29489.1, 1000.0]
[18443.4, -36200.2, 400.0]
[19088.5, -35788.4, 300.0]
[17062.2, -37963.7, 400.0]
[16830.9, -38593.0, 300.0]
[17729.8, -37072.4, 700.0]
[20270.8, -40183.4, 300.0]
[19275.6, -40583.9, 700.0]
[18200.5, -40433.7, 300.0]
[21120.9, -36692.4, 300.0]
[21521.4, -37687.6, 700.0]
[21371.2, -38762.7, 300.0]
[22086.4, -39679.4, 300.0]
[21699.7, -40169.2, 400.0]
[21316.8, -40661.9, 300.0]
[-24720.0, 31360.0, 512.0]
[-17428.4, 24989.3, 700.0]
[-15668.9, 23102.0, 700.0]
[-12984.0, 32472.0, 1100.0]
[-19462.6, 25792.4, 600.0]
[-19462.6, 25792.4, 600.0]
[-12290.0, 20623.4, 600.0]
[-12290.0, 20623.4, 600.0]
[-7329.91, 25821.7, 600.0]
[-7329.91, 25821.7, 600.0]
[-13572.0, 22172.0, 512.0]
[-7984.27, 24786.6, 700.0]
[-15208.0, 19813.0, 650.0]
[-9324.95, 27786.7, 650.0]
[15670.2, -25885.5, 300.0]
[24720.9, -7249.36, 400.0]
[25305.0, -7540.26, 300.0]
[29472.6, -8183.78, 700.0]
[29104.1, -9378.98, 300.0]
[29234.5, -6943.23, 300.0]
[19460.3, -12032.4, 512.0]
[22514.9, -10928.1, 400.0]
[21886.4, -11227.4, 400.0]
[23144.6, -10631.9, 400.0]
[20984.2, -10712.5, 300.0]
[23903.6, -9836.61, 300.0]
[21144.1, -8226.28, 400.0]
[21772.6, -7926.97, 400.0]
[20514.4, -8522.5, 400.0]
[20419.9, -9493.42, 300.0]
[22873.1, -7863.98, 300.0]
[19951.5, 497.2, 700.0]
[20497.4, 4124.5, 512.0]
[21357.9, 1319.41, 512.0]
[21912.6, 3231.2, 700.0]
[29271.3, 10410.3, 512.0]
[27820.4, 11432.1, 700.0]
[28148.0, 13865.0, 512.0]
[30883.4, 10013.4, 512.0]
[27918.8, 25937.7, 400.0]
[27576.9, 24593.0, 400.0]
[27332.0, 24377.3, 400.0]
[22173.9, 19875.2, 400.0]
[22420.7, 20088.7, 400.0]
[13097.2, 25644.4, 400.0]
[-3396.7, 19260.2, 700.0]
[3055.28, 27214.8, 400.0]
[5130.74, 25247.4, 400.0]
[4831.78, 25378.2, 400.0]
[6886.26, 27586.4, 400.0]
[4892.68, 28389.1, 400.0]
[21620.4, -29222.7, 600.0]
[21620.4, -29222.7, 600.0]
[25471.3, -25831.9, 650.0]
[23638.7, -25353.3, 512.0]
[1705.05, 4989.2, 2400.0]
[6863.3, 5375.45, 1700.0]
[13977.0, 6229.2, 1500.0]
[7265.0, 13309.2, 1200.0]
[1009.0, 8285.2, 1000.0]
[9956.9, 15293.3, 3000.0]
[15456.2, 16303.5, 3200.0]
[5801.05, 3237.2, 1700.0]
[4559.05, 1341.2, 1500.0]
[3671.05, -242.8, 1500.0]
[3047.05, -2032.8, 1200.0]
[3403.05, -3586.8, 1200.0]
[3403.05, -5116.8, 1200.0]
[3109.05, -6764.8, 1200.0]
[1979.8, -8256.3, 1200.0]
[-390.95, -8200.8, 800.0]
[8626.3, 8970.95, 1600.0]
[-12917.2, 27063.0, 2200.0]
[-7574.95, 25221.2, 1500.0]
[1705.05, 4989.2, 2400.0]
[9577.05, 3681.2, 2000.0]
[13977.0, 6229.2, 1500.0]
[7265.0, 13309.2, 1200.0]
[1009.0, 8285.2, 1000.0]
[-9382.95, 27693.2, 1400.0]
[-17052.2, 30865.2, 1600.0]
[-15684.2, 23073.2, 1000.0]
[-12308.2, 20609.2, 1100.0]
[-9567.0, 23741.2, 1200.0]
[-10727.0, 22205.2, 1000.0]
[-3854.95, 32053.2, 3000.0]
[-1286.95, 29341.2, 4000.0]
[-25488.7, 24084.6, 2800.0]
[12202.0, 19720.6, 3000.0]
[32820.3, 9663.6, 1500.0]
[24058.9, -3464.94, 2750.0]
[27150.4, -5119.14, 1000.0]
[-12298.1, -25730.1, 2000.0]
[-13053.8, -15127.8, 2000.0]
[-6379.71, 1083.46, 2000.0]
[-1003.08, 25364.0, 2500.0]
[25671.1, 8827.85, 2000.0]
[-12959.0, 32485.2, 1500.0]
[9956.9, 15293.3, 3000.0]
[15456.2, 16303.5, 3200.0]
[-8278.95, 32981.2, 3000.0]
[-9808.87, -1657.33, 3500.0]
[-18429.0, -11297.9, 3000.0]
[-3591.71, -2080.54, 6000.0]
[-5628.2, 24157.2, 3000.0]
[-7612.2, 18353.2, 3500.0]
[17043.2, -28262.2, 4000.0]
[-27392.9, 9446.67, 2000.0]
[-28584.9, 13054.7, 2000.0]
[4047.13, -3777.33, 1500.0]
[14255.1, -5425.33, 1500.0]
[-2490.95, -11194.8, 512.0]
[-2784.95, -16282.8, 800.0]
[-7630.95, -10862.8, 800.0]
[-4790.95, -13118.8, 1100.0]
[-5448.95, -14958.8, 1100.0]
[-5110.95, -16696.8, 1000.0]
[-598.95, -18840.8, 700.0]
[7899.05, 25889.2, 900.0]
[2849.05, 28341.2, 900.0]
[647.3, -8151.3, 700.0]
[3846.05, -25210.8, 1600.0]
[-16175.8, 10408.2, 1800.0]
[-21461.8, 15578.2, 1800.0]
[-17135.8, 15008.2, 1200.0]
[-15222.9, 4018.67, 1000.0]
[-13996.1, 2296.95, 500.0]
[-10460.9, 5142.67, 1000.0]
[-10558.4, 2919.27, 500.0]
[23315.5, -29862.3, 700.0]
[19881.0, 27660.2, 3000.0]
[6164.0, -23055.8, 2700.0]
[9155.0, -19929.8, 2700.0]
[11352.0, -17716.8, 1600.0]
[12939.3, 13604.0, 1600.0]
[17566.3, 19214.0, 2500.0]
[17649.3, 21454.0, 2500.0]
[17928.3, 23644.0, 2500.0]
[16897.3, 25636.0, 1600.0]
[21652.3, 29918.0, 1600.0]
[23199.3, 31571.0, 1600.0]
[24326.3, 33265.0, 1600.0]
[17585.3, 29879.0, 1700.0]
[21823.3, 25626.0, 1700.0]
[27970.3, 26057.0, 700.0]
[27521.3, 24509.0, 700.0]
[21722.3, 19286.0, 900.0]
[12653.3, 26001.0, 900.0]
[9344.05, -13950.8, 900.0]
[13255.0, -15136.8, 700.0]
[13664.0, -16967.8, 700.0]
[11336.0, -10706.8, 700.0]
[11336.0, -11984.8, 700.0]
[27208.9, -1558.94, 3000.0]
[7571.0, -21488.8, 2700.0]
[3384.0, -17262.8, 2800.0]
[5548.0, -19462.8, 1000.0]
[1178.0, -18763.8, 1000.0]
[4909.0, -14199.8, 1000.0]
[3399.0, -15111.8, 1300.0]
[25529.3, 35251.0, 1600.0]
[28344.0, -21451.8, 2000.0]
[21577.0, -26992.8, 400.0]
[28873.0, -25208.8, 600.0]
[23705.0, -25416.8, 900.0]
[25513.0, -25872.8, 1000.0]
[22033.0, -27752.8, 900.0]
[23913.0, -27880.8, 1400.0]
[21497.0, -37696.8, 550.0]
[21121.0, -36696.8, 300.0]
[21417.0, -37008.8, 300.0]
[21585.0, -38376.8, 300.0]
[21369.0, -38768.8, 300.0]
[18198.0, -40409.6, 300.0]
[18585.6, -40633.4, 300.0]
[20274.5, -40202.9, 300.0]
[19267.2, -40558.9, 550.0]
[19956.7, -40492.6, 300.0]
[21314.5, -40666.9, 300.0]
[22082.5, -39682.9, 300.0]
[21690.5, -40170.9, 350.0]
[17753.0, -37080.8, 550.0]
[19089.0, -35792.8, 300.0]
[18313.0, -36360.8, 250.0]
[18529.0, -36088.8, 250.0]
[18729.0, -35864.8, 200.0]
[18089.0, -36672.8, 300.0]
[17425.0, -37512.8, 300.0]
[17169.0, -37832.8, 250.0]
[16953.0, -38104.8, 250.0]
[16825.0, -38280.8, 200.0]
[16825.0, -38584.8, 300.0]
[5850.3, 9794.95, 1500.0]
[1465.0, 10069.2, 1000.0]
[1465.0, 10069.2, 1000.0]
[3321.0, 9845.2, 1200.0]
[3321.0, 9845.2, 1200.0]
[4177.0, 9845.2, 1200.0]
[4177.0, 9845.2, 1200.0]
[3321.0, 12517.2, 1000.0]
[3321.0, 12517.2, 1000.0]
[4577.0, 12493.2, 1200.0]
[6631.3, 8253.18, 770.0]
[11713.0, 6261.2, 1500.0]
[11713.0, 6261.2, 1500.0]
[14065.0, 3917.2, 1000.0]
[14065.0, 3917.2, 1000.0]
[-18348.2, 27801.2, 1400.0]
[-11239.0, 24381.2, 1200.0]
[-10167.0, 25437.2, 1200.0]
[-13556.2, 22177.2, 1100.0]
[-14852.2, 20665.2, 1000.0]
[-17268.2, 22753.2, 1000.0]
[-19084.2, 22825.2, 1000.0]
[-17436.2, 24993.2, 1000.0]
[-19484.2, 25705.2, 1000.0]
[-9054.95, 29397.2, 1400.0]
[-10055.0, 30693.2, 1400.0]
[-17644.2, 21257.2, 1000.0]
[-4448.24, 27531.1, 600.0]
[-28641.3, 27562.4, 600.0]
[-28752.9, -1793.33, 400.0]
[-29304.9, -1297.33, 400.0]
[-27720.9, -1745.33, 400.0]
[-28160.9, -1233.33, 400.0]
[-28064.9, -593.33, 400.0]
[21731.5, -39227.8, 500.0]
[20787.3, -40433.3, 500.0]
[30265.8, 6433.21, 900.0]
[-9501.22, 11417.1, 600.0]
[-28885.4, 4982.04, 700.0]
[-247.0, 8253.2, 1000.0]
[-247.0, 8253.2, 1000.0]
[977.0, 7485.2, 1000.0]
[977.0, 7485.2, 1000.0]
[2185.0, 7285.2, 1000.0]
[2185.0, 7285.2, 1000.0]
[3473.0, 6589.2, 1000.0]
[3473.0, 6589.2, 1000.0]
[4009.0, 5693.2, 1000.0]
[4009.0, 5693.2, 1000.0]
[4201.0, 4429.2, 1000.0]
[4201.0, 4429.2, 1000.0]
[11711.2, 8022.53, 700.0]
[12088.6, 9078.04, 700.0]
[11714.7, 4566.52, 700.0]
[11601.4, 3606.67, 700.0]
[11016.4, 2823.44, 700.0]
[10159.6, 2232.56, 700.0]
[25401.0, -28496.8, 1000.0]
[-428.994, 33923.1, 2000.0]
[-12766.4, 3823.27, 700.0]
[21622.2, -2109.8, 2000.0]
[-32432.9, 16998.7, 800.0]
[-14575.0, 32485.2, 800.0]
[27632.0, -20915.8, 2000.0]
[30592.0, -23323.8, 700.0]
[15600.0, -20127.8, 700.0]
[16472.0, -20127.8, 700.0]
[17168.0, -20127.8, 700.0]
[18176.0, -20127.8, 700.0]
[19392.0, -20127.8, 700.0]
[20600.0, -20127.8, 700.0]
[18339.6, -43349.0, 800.0]
[17355.4, -42945.4, 800.0]
[16749.5, -42429.2, 800.0]
[7891.24, -34797.6, 1000.0]
[3228.14, -35173.4, 1000.0]
[3849.45, -37558.2, 600.0]
[3352.96, -36421.7, 600.0]
[4811.54, -36786.0, 600.0]
[5592.56, -35880.4, 600.0]
[4219.63, -36198.3, 600.0]
[2884.7, -38672.0, 800.0]
[-12620.4, -32171.3, 2000.0]
[-8801.85, -29578.0, 400.0]
[-6681.94, -30448.8, 400.0]
[-6615.09, -29299.1, 400.0]
[-6972.47, -28165.8, 400.0]
[-7996.27, -28676.6, 400.0]
[-7808.44, -30234.2, 400.0]
[-18906.1, -25498.1, 800.0]
[-22762.1, -26850.1, 800.0]
[-20098.1, -15298.1, 800.0]
[-20098.1, -16714.1, 800.0]
[-14730.1, -20730.1, 800.0]
[-16018.1, -20730.1, 800.0]
[-29024.9, -3377.33, 400.0]
[-26312.9, 7246.67, 1200.0]
[-15236.2, 19769.2, 1000.0]
[-6916.2, 21377.2, 3500.0]
[-4476.2, 20497.2, 3500.0]
[9202.3, 10067.0, 1000.0]
[9754.3, 12579.0, 1000.0]
[-14682.1, -23618.1, 1000.0]
[-25173.0, -8081.9, 3000.0]
[-17847.0, 35285.2, 2000.0]
[-23725.2, 35213.9, 2000.0]
[8038.07, 7307.8, 1000.0]
[23374.7, 6266.71, 1000.0]
[23247.1, 11427.9, 1200.0]
[21758.4, -9535.14, 1000.0]
[12484.9, -26949.3, 1000.0]
[-27910.9, 1007.1, 1000.0]
[21647.2, -29264.1, 900.0]
[-14497.7, -27964.2, 2000.0]
[4215.82, -33617.7, 600.0]
[-17205.0, -7505.9, 720.0]
[-19453.0, -7513.9, 900.0]
[-19381.0, -8305.9, 900.0]
[-19861.0, -2425.9, 800.0]
[-19909.0, -6209.9, 800.0]
[-19861.0, -3649.9, 800.0]
[-19901.0, -4865.9, 800.0]
[7606.73, 9924.04, 700.0]
[4908.8, 6069.96, 770.0]